1132 936
1145 1052
1167 1150
1207 1264
1276 1364
1360 1432
1449 1447
1550 1429
1648 1355
1723 1257
1757 1128
1774 1030
1780 923
1623 582
1455 553
1288 591
1317 831
1252 833
1199 875
1257 867
1316 864
1379 864
1514 859
1577 822
1646 822
1703 865
1642 858
1578 857
1617 878
1288 887
1348 939
1317 914
1287 904
1259 914
1231 936
1260 953
1288 960
1318 953
1292 927
1627 918
1557 931
1588 906
1619 895
1647 904
1675 925
1647 943
1620 951
1589 945
1493 1058
1443 1060
1392 1062
1389 1152
1440 1129
1498 1149
1547 1132
1516 1156
1443 1180
1372 1159
1345 1134
1325 1261
1371 1245
1414 1239
1444 1240
1474 1237
1521 1241
1575 1253
1502 1259
1445 1263
1391 1262
1391 1263
1445 1268
1501 1259
1535 1279
1492 1293
1445 1300
1398 1297
1359 1287
