1087 1027
1087 1098
1095 1165
1114 1236
1171 1309
1251 1363
1316 1375
1375 1358
1438 1302
1487 1232
1505 1158
1515 1093
1514 1023
1419 815
1315 796
1211 819
1237 949
1195 945
1153 965
1194 962
1233 968
1274 974
1372 970
1406 945
1443 940
1477 958
1444 957
1409 964
1422 993
1216 998
1254 1033
1235 1018
1215 1012
1196 1018
1176 1030
1196 1042
1215 1047
1235 1043
1214 1027
1422 1023
1384 1029
1403 1014
1423 1008
1441 1012
1459 1024
1441 1037
1423 1042
1403 1038
1356 1109
1325 1110
1294 1111
1295 1164
1329 1150
1357 1164
1378 1143
1364 1168
1325 1183
1281 1168
1266 1143
1236 1228
1273 1220
1304 1218
1323 1219
1341 1218
1368 1220
1394 1227
1356 1229
1321 1232
1283 1230
1282 1244
1320 1250
1356 1242
1375 1250
1350 1264
1319 1270
1285 1265
1257 1251
