508 1072
493 1241
505 1405
537 1574
661 1733
845 1832
977 1853
1094 1828
1220 1727
1302 1600
1346 1427
1372 1278
1369 1127
1209 725
1018 673
825 698
860 959
767 959
681 1015
769 1007
853 1006
940 1006
1102 1023
1174 984
1249 989
1310 1051
1245 1039
1176 1033
1196 1058
824 1033
888 1100
855 1068
821 1053
783 1063
745 1087
780 1111
815 1122
851 1116
816 1083
1200 1111
1124 1115
1161 1090
1197 1080
1228 1093
1258 1122
1226 1139
1193 1146
1158 1136
1077 1275
1016 1275
957 1275
961 1389
1034 1351
1076 1398
1112 1361
1090 1428
1017 1434
925 1415
900 1345
857 1589
918 1557
972 1544
1011 1554
1046 1547
1084 1568
1108 1606
1059 1587
1004 1579
938 1578
936 1593
1000 1604
1056 1600
1082 1636
1047 1653
997 1655
937 1646
890 1624
