308 666
311 730
324 789
348 857
396 908
445 945
486 952
534 939
583 892
618 836
634 776
641 721
641 661
539 506
458 489
380 504
412 614
381 613
354 633
383 634
411 633
441 630
505 634
536 618
569 619
596 642
568 641
537 638
551 649
397 646
424 666
410 656
397 652
384 657
372 664
385 672
398 675
411 671
396 662
555 664
525 667
538 659
552 655
565 659
578 668
565 674
552 678
539 675
499 732
475 732
450 733
451 778
475 766
501 778
518 759
510 784
477 791
443 783
433 759
436 845
449 832
466 826
479 829
492 826
509 832
524 847
501 842
480 841
459 841
459 844
480 849
501 845
514 858
500 865
481 867
462 865
447 858
