284 511
271 565
268 613
267 661
285 731
329 784
373 803
430 807
508 779
561 724
579 672
588 619
592 564
529 402
460 375
384 378
364 469
336 463
309 479
333 481
358 487
385 493
444 502
477 487
512 494
540 521
507 512
476 507
491 527
349 502
370 530
358 517
346 509
333 511
319 520
330 528
342 533
355 534
347 522
492 546
461 546
476 536
490 534
503 541
515 553
501 558
487 558
474 553
423 585
398 581
373 578
362 623
387 609
418 630
450 622
436 641
389 642
349 628
343 605
326 683
348 670
371 669
386 674
402 673
430 682
461 702
419 693
386 689
357 685
357 688
386 695
418 698
438 713
411 716
383 714
359 709
339 700
