235 450
236 494
245 535
261 589
284 631
314 671
351 685
393 679
447 648
490 604
506 549
512 498
511 445
425 311
358 299
289 315
286 406
265 402
245 413
264 414
284 418
307 420
376 415
404 401
432 399
458 412
431 411
405 413
413 431
279 434
303 455
291 447
278 443
268 446
257 454
268 461
279 464
291 462
279 452
414 447
389 453
401 442
413 439
426 442
438 449
426 458
414 461
402 458
361 506
341 506
321 505
321 543
334 531
359 541
381 531
369 548
341 554
319 549
308 532
315 598
321 585
333 580
343 581
354 580
373 584
393 596
365 593
345 594
329 595
330 604
347 608
366 604
383 613
368 623
348 628
331 624
320 614
