238 368
260 424
286 468
318 514
360 554
407 591
452 594
496 572
543 515
575 445
575 385
564 326
545 265
399 155
323 165
255 204
282 292
255 296
237 320
259 312
285 308
312 303
375 280
396 252
428 239
466 244
433 254
404 267
428 284
285 332
320 347
304 342
288 343
277 350
268 363
283 366
297 366
309 359
293 353
437 304
409 317
420 302
432 294
447 293
464 296
453 310
441 318
425 319
401 386
377 393
353 400
366 444
380 427
413 427
432 403
427 426
394 449
362 448
347 431
365 500
377 488
393 479
406 477
420 471
444 465
474 464
439 477
412 488
389 494
392 502
417 499
442 486
464 487
446 505
423 516
401 519
382 514
