643 926
612 1064
605 1190
606 1316
677 1466
811 1568
919 1599
1018 1589
1127 1511
1201 1391
1241 1266
1273 1164
1283 1048
1226 684
1064 617
895 618
909 875
839 862
769 886
835 894
899 906
969 919
1110 954
1165 931
1215 935
1260 970
1212 968
1164 964
1193 978
870 916
919 979
894 944
867 927
835 933
801 951
827 975
855 987
887 986
861 953
1192 1019
1126 1017
1160 997
1193 991
1216 1006
1237 1036
1209 1047
1181 1050
1153 1039
1064 1142
1015 1136
967 1129
962 1215
1024 1195
1050 1235
1079 1216
1051 1256
1000 1256
937 1229
917 1182
853 1347
909 1329
956 1326
984 1335
1011 1337
1039 1357
1053 1390
1017 1367
975 1356
924 1346
920 1359
968 1374
1013 1377
1025 1404
998 1405
962 1401
918 1387
883 1372
