313 651
320 769
335 867
365 964
424 1056
507 1123
590 1143
686 1130
803 1068
888 975
919 867
931 764
935 648
756 365
616 339
473 369
479 579
429 576
382 602
430 608
476 609
528 608
655 604
710 575
769 573
822 602
766 606
712 605
738 622
462 624
509 663
485 643
460 634
437 640
413 656
436 670
459 677
484 673
463 653
746 650
688 661
714 640
739 631
763 638
787 653
764 668
740 674
714 670
634 788
586 788
537 789
531 874
577 855
636 871
684 846
658 876
583 898
517 877
495 846
489 968
523 948
559 944
585 947
610 944
655 947
704 965
637 966
586 969
542 968
541 966
586 971
637 966
669 987
630 998
587 1002
547 1000
515 990
