2161 1250
2164 1378
2183 1496
2216 1624
2318 1762
2445 1868
2551 1890
2642 1863
2734 1760
2813 1637
2841 1512
2857 1385
2855 1244
2687 916
2525 886
2362 922
2389 1107
2315 1114
2253 1171
2321 1158
2387 1151
2457 1146
2606 1141
2674 1101
2745 1108
2801 1167
2740 1152
2676 1146
2683 1194
2365 1200
2426 1255
2394 1234
2363 1225
2333 1234
2304 1254
2334 1271
2364 1278
2395 1271
2357 1249
2682 1243
2625 1252
2655 1229
2684 1219
2714 1228
2743 1246
2714 1264
2686 1271
2655 1265
2598 1402
2544 1404
2490 1405
2494 1501
2554 1479
2603 1500
2633 1454
2618 1501
2550 1528
2471 1503
2450 1457
2423 1617
2473 1592
2520 1584
2550 1590
2579 1583
2620 1590
2659 1615
2602 1612
2549 1616
2490 1613
2489 1635
2549 1646
2602 1634
2634 1652
2597 1676
2549 1685
2498 1677
2454 1655
